//树的个数
28

//下列数据分别对应树的高度 类型 位置 细节
//0 1 2 对应pine  poplar  maple
160  1  8     -8     0

120  1  9     -10    0

160  0  10    -9     0

250  2  16    -8     0

200  2  17    -16    0

50   1  16.2  -15.9    0

130  0  20    -11    0

110  1  22    -13    0

110  0  22    -16    0

70   2  23    -23    2

80   2  25    -20    1

120  1  25    -19    0

200  2  24    -20    0

300  0  26    -20    0

200  0  13    -24    0

140  1  14    -23.8    0

140  2  15    -24.6    0

50   0  14.5  -23.5    0

100   0  5     -27    0

120   1  7.3   -19    0

50   2  6.5    -21    0

100   0  6.5    -11    0

80   0  3.5    -11.5    0

50   2  3    -12    0

60   1  2    -12.5    0

100   1  3    -13    0

130   0  2.8    -14    0

80   1  9    -14    0