//背面纹理
7        0
7         1
0        1
7         0
0        1
0        0

//左面纹理
2         0
2         1
0      1
2         0
0      1
0      0

//右面纹理
0       0
0       1
2       1
0       0
2       1
2       0

//前面纹理
7        0
7        1
1.5    1
7        0
1.5    1
1.5    0

1     0
1     1
0     1
1     0
0     1
0     0 

//门上面
1.5      0.5
1.5      1
1       1
1.5      0.5
1       1
1       0.5

//门
//1.5      0
//1.5      0.5
//1       0.5
//1.5      0
//1      0.5
//1       0

//画个屋顶
//屋左面的三角形 
0        0
4     0
2     1

//屋右面的三角形
0        0
2     1
4     0

//屋顶前面
7       0
7       1
0   0
0   0
7       1
0   1

//屋顶后面
7     0
7     1
0  0
0  0
7     1
0  1

//屋檐左面个
0   1
8   1
0   0
0   0
8   1
8   0


