//顶点个数  正方向在屋里
54

//背面 6个
14    0     -4
14    1.2   -4
0     1.2   -4
14    0     -4
0     1.2   -4
0     0     -4

//左面 6个
0   0     -4
0   1.2   -4
0   1.2   0
0   0     -4
0   1.2   0
0   0     0

//右面 6个
14   0     0
14   1.2   0
14   1.2   -4
14   0     0
14   1.2   -4
14   0     -4

//前面 18个
0      0     0
0      1.2   0
11.5   1.2   0
0      0     0
11.5   1.2   0
11.5   0     0

12    0     0
12    1.2   0
14    1.2   0
12    0     0
14    1.2   0
14    0     0

//门上面
11.5   0.6   0
11.5   1.2   0
12     1.2   0
11.5   0.6   0
12     1.2   0
12     0.6   0

//门
//11.5   0     0
//11.5   0.6   0
//12     0.6   0
//11.5   0     0
//12     0.6   0
//12     0     0

//36

//画个屋顶  注意下面的数据不作碰撞检测
//屋左面的三角形 3个
0   1.2   0
0   1.2   -4
0   1.8   -2

//屋右面的三角形 3个
14   1.2   0
14   1.8   -2
14   1.2   -4

//屋顶前面 6个
-0.1   1.14   0.2
-0.1   1.8   -2
14.1   1.14   0.2
14.1   1.14   0.2
-0.1   1.8   -2
14.1   1.8   -2

//屋顶后面 6个
14.1   1.14   -4.2
14.1   1.8    -2
-0.1   1.14   -4.2
-0.1   1.14   -4.2
14.1   1.8    -2
-0.1   1.8    -2 

//54

//屋檐左面 6个
-0.1   1.2   0
-0.1   1.8   -2
-0.1   1.1   0
-0.1   1.1   0
-0.1   1.8    -2
-0.1   1.7    -2
//屋檐右面 6个
//屋檐前面 6个
//屋檐后面 6个

