//顶点个数  正方向在屋里
192

//背面 6个
14    0     -4
14    1.2   -4
6     1.2   -4
14    0     -4
6     1.2   -4
6     0     -4

//左面 6个
6   0     -4
6   1.2   -4
6   1.2   0
6   0     -4
6   1.2   0
6   0     0

//右面 6个
14   0     0
14   1.2   0
14   1.2   -4
14   0     0
14   1.2   -4
14   0     -4

//前面
6      0     0
6      1.2   0
7.5   1.2   0
6      0     0
7.5   1.2   0
7.5   0     0

8    0     0
8    1.2   0
11.5    1.2   0
8    0     0
11.5    1.2   0
11.5    0     0

//1门上面
7.5   0.6   0
7.5   1.2   0
8     1.2   0
7.5   0.6   0
8     1.2   0
8     0.6   0

12    0     0
12    1.2   0
14    1.2   0
12    0     0
14    1.2   0
14    0     0

//2门上面
11.5   0.6   0
11.5   1.2   0
12     1.2   0
11.5   0.6   0
12     1.2   0
12     0.6   0

//48  wall

//画个屋顶  注意下面的数据不作碰撞检测
//屋左面的三角形 3个
6   1.2   0
6   1.2   -4
6   1.8   -2

//屋右面的三角形 3个
14   1.2   0
14   1.8   -2
14   1.2   -4

//42  triwall

//屋顶前面 6个
5.9    1.14   0.2
5.9    1.8   -2
14.1   1.14   0.2
14.1   1.14   0.2
5.9    1.8   -2
14.1   1.8   -2

//屋顶后面 6个
14.1   1.14   -4.2
14.1   1.8    -2
5.9    1.14   -4.2
5.9    1.14   -4.2
14.1   1.8    -2
5.9    1.8    -2 

//54    tile

//屋檐左面 24个
5.9    1.8   -2
5.9    1.14   0.2
5.9    1.7   -2
5.9    1.7   -2
5.9    1.14   0.2
5.9    1.04   0.2

5.9    1.7   -2
5.9    1.04   0.2
6      1.04   0.2
5.9    1.7   -2
6      1.04   0.2
6      1.7   -2

5.9    1.14   -4.2
5.9    1.8   -2
5.9    1.7   -2
5.9    1.14   -4.2
5.9    1.7   -2
5.9    1.04   -4.2

5.9    1.04   -4.2
5.9    1.7   -2
6      1.04   -4.2
6      1.04   -4.2
5.9    1.7   -2
6      1.7   -2

//屋檐右面 24个
14.1   1.8   -2
14.1   1.14   -4.2
14.1   1.7   -2
14.1   1.7   -2
14.1   1.14   -4.2
14.1   1.04   -4.2  

14.1   1.7   -2
14.1   1.04   -4.2
14     1.04   -4.2
14.1   1.7   -2
14     1.04   -4.2
14     1.7   -2

14.1   1.14   0.2
14.1   1.8   -2
14.1   1.7   -2
14.1   1.14   0.2
14.1   1.7   -2
14.1   1.04   0.2

14.1   1.04   0.2
14.1   1.7   -2
14     1.7   -2
14.1   1.04   0.2
14     1.7  -2
14     1.04   0.2

//102

//屋檐前面 12个
5.9    1.04   0.2
5.9    1.14  0.2
14.1   1.14  0.2
5.9    1.04   0.2
14.1   1.14  0.2
14.1   1.04   0.2 

6     1.1   0
6     1.04   0.2
14    1.04   0.2
6     1.1   0
14    1.04   0.2
14    1.1   0

//屋檐后面 12个
5.9    1.04   -4.2
5.9    1.14  -4.2
14.1   1.14  -4.2
5.9    1.04   -4.2
14.1   1.14  -4.2
14.1   1.04   -4.2 

6     1.1   -4
6     1.04   -4.2
14    1.04   -4.2
6     1.1   -4
14    1.04   -4.2
14    1.1   -4

//天花板
14    1.2    0
14     1.2   -4
6     1.2   -4
14     1.2    0
6     1.2   -4
6     1.2    0

//背面 6个
13.95    0     -3.95
13.95    1.2   -3.95
6     	1.2   -3.95
13.95    0     -3.95
6.05     1.2   -3.95
6.05     0     -3.95

//左面 6个
6.05   0     -3.95
6.05   1.2   -3.95
6.05   1.2   -0.05
6.05   0     -3.95
6.05   1.2   -0.05
6.05   0     -0.05

//右面 6个
13.95   0     -0.05
13.95   1.2   -0.05
13.95   1.2   -3.95
13.95   0     -0.05
13.95   1.2   -3.95
13.95   0     -3.95

//前面
6.05      0     -0.05
6.05      1.2   -0.05
7.5      1.2   -0.05
6.05      0     -0.05
7.5      1.2   -0.05
7.5      0     -0.05

8    0     -0.05
8    1.2   -0.05
11.5    1.2   -0.05
8    0     -0.05
11.5    1.2   -0.05
11.5    0     -0.05

//1门上面
7.5   0.6   -0.05
7.5   1.2   -0.05
8     1.2   -0.05
7.5   0.6   -0.05
6     1.2   -0.05
6     0.6   -0.05

12    0     -0.05
12    1.2   -0.05
13.95   1.2   -0.05
12    0     -0.05
13.95    1.2   -0.05
13.95    0     -0.05

//2门上面
11.5   0.6   -0.05
11.5   1.2   -0.05
12     1.2   -0.05
11.5   0.6   -0.05
12     1.2   -0.05
12     0.6   -0.05