//背面纹理
6        0
6         1
0        1
6         0
0        1
0        0

//左面纹理
2         0
2         1
0      1
2         0
0      1
0      0

//右面纹理
0       0
0       1
2       1
0       0
2       1
2       0

//前面纹理
6        0
6        1
1.5    1
6        0
1.5    1
1.5    0

6     0
6     1
0     1
6     0
0     1
0     0

//门上面
1.5      0.5
1.5      1
1       1
1.5      0.5
1       1
1       0.5

1     0
1     1
0     1
1     0
0     1
0     0

//门上面
1.5      0.5
1.5      1
1       1
1.5      0.5
1       1
1       0.5

//画个屋顶
//屋左面的三角形 
0        0
4.0     0
2.0     1

//屋右面的三角形
0        0
2.0     1
4.0     0

//屋顶前面
6.0       0
6.0       1
0.0   0
0.0   0
6.0       1
0.0   1

//屋顶后面
6     0
6     1
0  0
0  0
6     1
0  1

//屋檐左面个
0   1
8   1
0   0
0   0
8   1
8   0

0   1
8   1
8   0
0   1
8   0
0   0 

0   1
8   1
8   0
0   1
8   0
0   0

0   1
8   1
0   0
0   0
8   1
8   0

//屋檐右面 24个
0  1
8  1
0  0
0  0
8  1
8  0

0  1
8  1
8  0
0  1
8  0
0  0

0  1
8  1
8  0
0  1
8  0
0  0

0  1
8  1
8  0
0  1
8  0
0  0

//屋檐前面 12个
0  0
0  1
40  1
0  0
40  1
40  0 

0   0
0   1
40  1
0   0
40  1
40  0 

//屋檐后面 12个 
0  0
0  1
40 1
0  0
40  1
40  0

0  0
0  1
40  1
0  0
40  1
40  0

// 天花板

12        0
12         4
0        4
12         0
0       4
0        0

//背面纹理
6        0
6         1
0        1
6         0
0        1
0        0

//左面纹理
2         0
2         1
0      1
2         0
0      1
0      0

//右面纹理
0       0
0       1
2       1
0       0
2       1
2       0

//前面纹理
6        0
6        1
1.5    1
6        0
1.5    1
1.5    0

6     0
6     1
0     1
6     0
0     1
0     0

//门上面
1.5      0.5
1.5      1
1       1
1.5      0.5
1       1
1       0.5

1     0
1     1
0     1
1     0
0     1
0     0

//门上面
1.5      0.5
1.5      1
1       1
1.5      0.5
1       1
1       0.5