//stairs
//前面
0      0
0      0.8
4      0
4      0
0      0.8
4      0.8
//上面
0      0
0      0.8
4      0
4      0
0      0.8
4      0.8
//前面
0      0
0      0.8
4      0
4      0
0      0.8
4      0.8
//上面
0      0
0      0.8
4      0
4      0
0      0.8
4      0.8
//前面
0      0
0      0.8
4      0
4      0
0      0.8
4      0.8
//上面
0      0
0      0.8
4      0
4      0
0      0.8
4      0.8
//前面
0      0
0      0.8
4      0
4      0
0      0.8
4      0.8
//上面
0      0
0      0.8
4      0
4      0
0      0.8
4      0.8
//前面
0      0
0      0.8
4      0
4      0
0      0.8
4      0.8
//上面
0      0
0      0.8
4      0
4      0
0      0.8
4      0.8
//前面
0      0
0      0.8
4      0
4      0
0      0.8
4      0.8
//上面
0      0
0      0.8
4      0
4      0
0      0.8
4      0.8
//前面
0      0
0      0.8
4      0
4      0
0      0.8
4      0.8
//上面
0      0
0      0.8
4      0
4      0
0      0.8
4      0.8
//前面
0      0
0      0.8
4      0
4      0
0      0.8
4      0.8
//上面
0      0
0      0.8
4      0
4      0
0      0.8
4      0.8
//前面
0      0
0      0.8
4      0
4      0
0      0.8
4      0.8
//上面
0      0
0      0.8
4      0
4      0
0      0.8
4      0.8
//前面
0      0
0      0.8
4      0
4      0
0      0.8
4      0.8
//上面
0      0
0      1
4      0
4      0
0      1
4      1

//衔接部分
0     0
0     1
1     0
1     0
0     1
1     1

//////////第二个//////////
//前面
0      0
0      0.8
4      0
4      0
0      0.8
4      0.8
//上面
0      0
0      0.8
4      0
4      0
0      0.8
4      0.8
//前面
0      0
0      0.8
4      0
4      0
0      0.8
4      0.8
//上面
0      0
0      0.8
4      0
4      0
0      0.8
4      0.8
//前面
0      0
0      0.8
4      0
4      0
0      0.8
4      0.8
//上面
0      0
0      0.8
4      0
4      0
0      0.8
4      0.8
//前面
0      0
0      0.8
4      0
4      0
0      0.8
4      0.8
//上面
0      0
0      0.8
4      0
4      0
0      0.8
4      0.8
//前面
0      0
0      0.8
4      0
4      0
0      0.8
4      0.8
//上面
0      0
0      0.8
4      0
4      0
0      0.8
4      0.8
//前面
0      0
0      0.8
4      0
4      0
0      0.8
4      0.8
//上面
0      0
0      0.8
4      0
4      0
0      0.8
4      0.8
//前面
0      0
0      0.8
4      0
4      0
0      0.8
4      0.8
//上面
0      0
0      0.8
4      0
4      0
0      0.8
4      0.8
//前面
0      0
0      0.8
4      0
4      0
0      0.8
4      0.8
//上面
0      0
0      0.8
4      0
4      0
0      0.8
4      0.8
//前面
0      0
0      0.8
4      0
4      0
0      0.8
4      0.8
//上面
0      0
0      0.8
4      0
4      0
0      0.8
4      0.8
//前面
0      0
0      0.8
1      0
1      0
0      0.8
1      0.8
//上面
0      0
0      1
4      0
4      0
0      1
4      1
//衔接部分
1     0
0     0
1     1
1     1
0     0
0     1