//stairs，长度1.28，宽度1.5
252
//前面
0      0      0
0      0.04   0
0      0      -0.5
0      0      -0.5
0      0.04   0
0      0.04   -0.5
//上面
0      0.04   0
-0.08  0.04   0
0      0.04   -0.5
0      0.04   -0.5
-0.08  0.04   0
-0.08  0.04   -0.5
//前面
-0.08      0.04   0
-0.08      0.08   0
-0.08      0.04   -0.5
-0.08      0.04   -0.5
-0.08      0.08   0
-0.08      0.08   -0.5
//上面
-0.08      0.08   0
-0.16      0.08   0
-0.08      0.08   -0.5
-0.08      0.08   -0.5
-0.16      0.08   0
-0.16      0.08   -0.5
//前面
-0.16      0.08   0
-0.16      0.12   0
-0.16      0.08   -0.5
-0.16      0.08   -0.5
-0.16      0.12   0
-0.16      0.12   -0.5
//上面
-0.16      0.12   0
-0.24      0.12   0
-0.16      0.12   -0.5
-0.16      0.12   -0.5
-0.24      0.12   0
-0.24      0.12   -0.5
//前面
-0.24      0.12   0
-0.24      0.16   0
-0.24      0.12   -0.5
-0.24      0.12   -0.5
-0.24      0.16   0
-0.24      0.16   -0.5
//上面
-0.24      0.16   0
-0.32      0.16   0
-0.24      0.16   -0.5
-0.24      0.16   -0.5
-0.32      0.16   0
-0.32      0.16   -0.5
//前面
-0.32      0.16   0
-0.32      0.20   0
-0.32      0.16   -0.5
-0.32      0.16   -0.5
-0.32      0.20   0
-0.32      0.20   -0.5
//上面
-0.32      0.20   0
-0.40      0.20   0
-0.32      0.20   -0.5
-0.32      0.20   -0.5
-0.40      0.20   0
-0.40      0.20   -0.5
//前面
-0.40      0.20   0
-0.40      0.24   0
-0.40      0.20   -0.5
-0.40      0.20   -0.5
-0.40      0.24   0
-0.40      0.24   -0.5
//上面
-0.40      0.24   0
-0.48      0.24   0
-0.40      0.24   -0.5
-0.40      0.24   -0.5
-0.48      0.24   0
-0.48      0.24   -0.5
//前面
-0.48      0.24   0
-0.48      0.28   0
-0.48      0.24   -0.5
-0.48      0.24   -0.5
-0.48      0.28   0
-0.48      0.28   -0.5
//上面
-0.48      0.28   0
-0.56      0.28   0
-0.48      0.28   -0.5
-0.48      0.28   -0.5
-0.56      0.28   0
-0.56      0.28   -0.5
//前面
-0.56      0.28   0
-0.56      0.32   0
-0.56      0.28   -0.5
-0.56      0.28   -0.5
-0.56      0.32   0
-0.56      0.32   -0.5
//上面
-0.56      0.32   0
-0.64      0.32   0
-0.56      0.32   -0.5
-0.56      0.32   -0.5
-0.64      0.32   0
-0.64      0.32   -0.5
//前面
-0.64      0.32   0
-0.64      0.36   0
-0.64      0.32   -0.5
-0.64      0.32   -0.5
-0.64      0.36   0
-0.64      0.36   -0.5
//上面
-0.64      0.36   0
-0.72      0.36   0
-0.64      0.36   -0.5
-0.64      0.36   -0.5
-0.72      0.36   0
-0.72      0.36   -0.5
//前面
-0.72      0.36   0
-0.72      0.40   0
-0.72      0.36   -0.5
-0.72      0.36   -0.5
-0.72      0.40   0
-0.72      0.40   -0.5
//上面
-0.72      0.40   0
-1.00      0.40   0
-0.72      0.40   -0.5
-0.72      0.40   -0.5
-1.00      0.40   0
-1.00      0.40   -0.5

//衔接部分
-1    0.4    -0.5
-1    0.4    -1.5
-0.72 0.4    -0.5
-0.72 0.4    -0.5
-1    0.4    -1.5
-0.72 0.4    -1.5


///////第二个///////////
//前面
-0.72      0.4      -1.5
-0.72      0.44     -1.5
-0.72      0.4      -1.0
-0.72      0.4      -1.0
-0.72      0.44     -1.5
-0.72      0.44     -1.0
//上面
-0.72      0.44   -1.5
-0.64      0.44   -1.5
-0.72      0.44   -1.0
-0.72      0.44   -1.0
-0.64      0.44   -1.5
-0.64      0.44   -1.0
//前面
-0.64      0.44   -1.5
-0.64      0.48   -1.5
-0.64      0.44   -1.0
-0.64      0.44   -1.0
-0.64      0.48   -1.5
-0.64      0.48   -1.0
//上面
-0.64      0.48   -1.5
-0.56      0.48   -1.5
-0.64      0.48   -1.0
-0.64      0.48   -1.0
-0.56      0.48   -1.5
-0.56      0.48   -1.0
//前面
-0.56      0.48   -1.5
-0.56      0.52   -1.5
-0.56      0.48   -1.0
-0.56      0.48   -1.0
-0.56      0.52   -1.5
-0.56      0.52   -1.0
//上面
-0.56      0.52   -1.5
-0.48      0.52   -1.5
-0.56      0.52   -1.0
-0.56      0.52   -1.0
-0.48      0.52   -1.5
-0.48      0.52   -1.0
//前面
-0.48      0.52   -1.5
-0.48      0.56   -1.5
-0.48      0.52   -1.0
-0.48      0.52   -1.0
-0.48      0.56   -1.5
-0.48      0.56   -1.0
//上面
-0.48      0.56   -1.5
-0.40      0.56   -1.5
-0.48      0.56   -1.0
-0.48      0.56   -1.0
-0.40      0.56   -1.5
-0.40      0.56   -1.0
//前面
-0.40      0.56   -1.5
-0.40      0.60   -1.5
-0.40      0.56   -1.0
-0.40      0.56   -1.0
-0.40      0.60   -1.5
-0.40      0.60   -1.0
//上面
-0.40      0.60   -1.5
-0.32      0.60   -1.5
-0.40      0.60   -1.0
-0.40      0.60   -1.0
-0.32      0.60   -1.5
-0.32      0.60   -1.0
//前面
-0.32      0.60   -1.5
-0.32      0.64   -1.5
-0.32      0.60   -1.0
-0.32      0.60   -1.0
-0.32      0.64   -1.5
-0.32      0.64   -1.0
//上面
-0.32      0.64   -1.5
-0.24      0.64   -1.5
-0.32      0.64   -1.0
-0.32      0.64   -1.0
-0.24      0.64   -1.5
-0.24      0.64   -1.0
//前面
-0.24      0.64   -1.5
-0.24      0.68   -1.5
-0.24      0.64   -1.0
-0.24      0.64   -1.0
-0.24      0.68   -1.5
-0.24      0.68   -1.0
//上面
-0.24      0.68   -1.5
-0.16      0.68   -1.5
-0.24      0.68   -1.0
-0.24      0.68   -1.0
-0.16      0.68   -1.5
-0.16      0.68   -1.0
//前面
-0.16      0.68   -1.5
-0.16      0.72   -1.5
-0.16      0.68   -1.0
-0.16      0.68   -1.0
-0.16      0.72   -1.5
-0.16      0.72   -1.0
//上面
-0.16      0.72   -1.5
-0.08      0.72   -1.5
-0.16      0.72   -1.0
-0.16      0.72   -1.0
-0.08      0.72   -1.5
-0.08      0.72   -1.0
//前面
-0.08      0.72   -1.5
-0.08      0.76   -1.5
-0.08      0.72   -1.0
-0.08      0.72   -1.0
-0.08      0.76   -1.5
-0.08      0.76   -1.0
//上面
-0.08      0.76   -1.5
-0.00      0.76   -1.5
-0.08      0.76   -1.0
-0.08      0.76   -1.0
-0.00      0.76   -1.5
-0.00      0.76   -1.0
//前面
-0.00      0.76   -1.5
-0.00      0.80   -1.5
-0.00      0.76   -1.0
-0.00      0.76   -1.0
-0.00      0.80   -1.5
-0.00      0.80   -1.0
//上面
-0.00      0.80   -1.5
0.28      0.80   -1.5
-0.00      0.80   -1.0
-0.00      0.80   -1.0
0.28      0.80   -1.5
0.28      0.80   -1.0
//衔接部分
0    0.8    -0.0
0    0.8    -1
0.28 0.8    -0.0
0.28 0.8    -0.0
0    0.8    -1
0.28 0.8    -1

//塔
//back

