//tower
//back
2     0
2     8
0     8
2     0
0     8
0     0
//left
3     0
3     8
0     8
3     0
0     8
0     0
//front
0     0
0     8
2     8
0     0
2     8
2     0
//right
0     2
0     8
3     8
0     2
3     8
3     2

1.5   0
1.5   2
3     2
1.5   0
3     2
3     0

//下面的梯子边缘  30个
0     0
0     1
1     1

0     0
0     1
1     1

0     0
0     1
1     1

0     0
0     1
1     1

0     0
0     1
1     1

0     0
0     1
1     1

0     0
0     1
1     1

0     0
0     1
1     1

0     0
0     1
1     1

0     0
0     1
1     1

//top
0     0
0     1
1     0
1     0
0     1
1     1

//box1
1   0
1   1
0   1
1   0
0   1
0   0

1   0
1   1
0   1
1   0
0   1
0   0

1   0
1   1
0   1
1   0
0   1
0   0

1   0
1   1
0   1
1   0
0   1
0   0

1   0
1   1
0   1
1   0
0   1
0   0

//box2
1   0
1   1
0   1
1   0
0   1
0   0

1   0
1   1
0   1
1   0
0   1
0   0

1   0
1   1
0   1
1   0
0   1
0   0

1   0
1   1
0   1
1   0
0   1
0   0

1   0
1   1
0   1
1   0
0   1
0   0

//box3
1   0
1   1
0   1
1   0
0   1
0   0

1   0
1   1
0   1
1   0
0   1
0   0

1   0
1   1
0   1
1   0
0   1
0   0

1   0
1   1
0   1
1   0
0   1
0   0

1   0
1   1
0   1
1   0
0   1
0   0
//box4
1   0
1   1
0   1
1   0
0   1
0   0

1   0
1   1
0   1
1   0
0   1
0   0

1   0
1   1
0   1
1   0
0   1
0   0

1   0
1   1
0   1
1   0
0   1
0   0

1   0
1   1
0   1
1   0
0   1
0   0

//河上面的一个凸出
0   0
0   1
1   1
0   0
1   1
1   0

0   0
0   0.2
2.5   0.2
0   0
2.5   0.2
2.5   0

0   0
0   0.2
2.5   0.2
0   0
2.5   0.2
2.5   0

0   0
0   0.2
2.5   0.2
0   0
2.5   0.2
2.5   0

0   0
1   0
1   1
0   0
1   1
0   1