//塔
216
//back
1.28   0    -1.5
1.28   3.36  -1.5
0      3.36  -1.5
1.28   0    -1.5
0      3.36  -1.5
0      0    -1.5
//left
0      0    -1.5
0      3.36  -1.5
0      3.36  0
0      0    -1.5
0      3.36  0
0      0    0
//front
0      0    0
0      3.36  0
1.28   3.36  0
0      0    0
1.28   3.36  0
1.28   0    0 
//right
1.28   0.6  0
1.28   3.36  0
1.28   3.36  -1.5
1.28   0.6  0
1.28   3.36  -1.5
1.28   0.6  -1.5

1.28   0    -0.7
1.28   0.6  -0.7
1.28   0.6  -1.5
1.28   0    -0.7
1.28   0.6  -1.5
1.28   0    -1.5

//30

//下面的梯子边缘
0      0       -0.5
0      0.04    -0.5
-0.08  0.04    -0.5

-0.08      0.04    -0.5
-0.08      0.08    -0.5
-0.16      0.08    -0.5

-0.16      0.08    -0.5
-0.16      0.12    -0.5
-0.24      0.12    -0.5

-0.24      0.12    -0.5
-0.24      0.16    -0.5
-0.32      0.16    -0.5

-0.32      0.16    -0.5
-0.32      0.20    -0.5
-0.40      0.20    -0.5

-0.40      0.20    -0.5
-0.40      0.24    -0.5
-0.48      0.24    -0.5

-0.48      0.24    -0.5
-0.48      0.28    -0.5
-0.56      0.28    -0.5

-0.56      0.28    -0.5
-0.56      0.32    -0.5
-0.64      0.32    -0.5

-0.64      0.32    -0.5
-0.64      0.36    -0.5
-0.72      0.36    -0.5

-0.72      0.36    -0.5
-0.72      0.40    -0.5
-0.80      0.40    -0.5

//60
//top
0    3.36    0
0    3.36    -1
1    3.36    0
1    3.36    0
0    3.36    -1
1    3.36    -1

//66

//box1
0.3   0      -0.3
0.3   0.3    -0.3
0     0.3    -0.3
0.3   0      -0.3
0     0.3    -0.3
0     0      -0.3

0     0      -0.3
0     0.3    -0.3
0     0.3    0
0     0      -0.3
0     0.3    0
0     0      0

0     0      0
0     0.3    0
0.3   0.3    0
0     0      0
0.3   0.3    0
0.3   0      0

0.3   0      0
0.3   0.3    0
0.3   0.3    -0.3
0.3   0      0
0.3   0.3    -0.3
0.3   0      -0.3

0     0.3    0
0     0.3    -0.3
0.3   0.3    -0.3
0     0.3    0
0.3   0.3    -0.3
0.3   0.3    0

//96
//box2
0.3   0      0.01
0.3   0.3    0.01
0     0.3    0.01
0.3   0      0.01
0     0.3    0.01
0     0      0.01

0     0      0.01
0     0.3    0.01
0     0.3    0.31
0     0      0.01
0     0.3    0.31
0     0      0.31

0     0      0.31
0     0.3    0.31
0.3   0.3    0.31
0     0      0.31
0.3   0.3    0.31
0.3   0      0.31

0.3   0      0.31
0.3   0.3    0.31
0.3   0.3    0.01
0.3   0      0.31
0.3   0.3    0.01
0.3   0      0.01

0     0.3    0.31
0     0.3    0.01
0.3   0.3    0.01
0     0.3    0.31
0.3   0.3    0.01
0.3   0.3    0.31
//126

//box3
0.3   0.3      -0.29
0.3   0.6    -0.29
0     0.6    -0.29
0.3   0.3      -0.29
0     0.6    -0.29
0     0.3      -0.29

0     0.3      -0.29
0     0.6    -0.29
0     0.6    0.01
0     0.3      -0.29
0     0.6    0.01
0     0.3      0.01

0     0.3      0.01
0     0.6    0.01
0.3   0.6    0.01
0     0.3      0.01
0.3   0.6    0.01
0.3   0.3      0.01

0.3   0.3      0.01
0.3   0.6    0.01
0.3   0.6    -0.29
0.3   0.3      0.01
0.3   0.6    -0.29
0.3   0.3      -0.29

0     0.6    0.01
0     0.6    -0.29
0.3   0.6    -0.29
0     0.6    0.01
0.3   0.6    -0.29
0.3   0.6    0.01
//156

//box4
0.3   0.6      -0.29
0.3   0.9    -0.29
0     0.9    -0.29
0.3   0.6      -0.29
0     0.9    -0.29
0     0.6      -0.29

0     0.6      -0.29
0     0.9    -0.29
0     0.9    -0.1
0     0.6      -0.29
0     0.9    -0.1
0     0.6      -0.1

0     0.6      -0.1
0     0.9    -0.1
0.3   0.9    -0.1
0     0.6      -0.1
0.3   0.9    -0.1
0.3   0.6      -0.1

0.3   0.6      -0.1
0.3   0.9    -0.1
0.3   0.9    -0.29
0.3   0.6      -0.1
0.3   0.9    -0.29
0.3   0.6      -0.29

0     0.9    -0.1
0     0.9    -0.29
0.3   0.9    -0.29
0     0.9    -0.1
0.3   0.9    -0.29
0.3   0.9    -0.1
//186

//河上面的一个凸出
//top
0    0       0
0    0       -0.5
0.5  0       -0.5
0    0       0
0.5  0       -0.5
0.5  0       0

//left
0    0      0
0    -0.04  0
0    -0.04  -0.5
0    0      0
0    -0.04  -0.5
0    0      -0.5

//front
0    0      -0.5
0    -0.04  -0.5
0.5  -0.04  -0.5
0    0      -0.5
0.5  -0.04  -0.5
0.5  0      -0.5

//right
0.5  0      -0.5
0.5  -0.04  -0.5
0.5  -0.04  0
0.5  0      -0.5
0.5  -0.04  0
0.5  0      0

//down
0    -0.04       0
0.5    -0.04       0
0.5  -0.04       -0.5
0    -0.04       0
0.5  -0.04       -0.5
0  -0.04       -0.5

//216